48d237 N
48d244 N
48be4b T
48bec6 N
48bed2 T
48c402 T
48bf2d T
48ca60 T
48bfe8 T
48c0ec T
48ca4b T
48c140 T
48c3ad T
48c2fe T
48c319 T
48c30c T
48d22f T
48d25a T
48daa8 T
48d26a N
48d2ab N
48d2b5 N
48d2bd T
48d333 N
48d349 T
48d50f T
48d39e T
48d4f2 T
48d29b T
48d705 N
48d70e N
48d715 T
48d6ff T
48d791 N
48d7a5 T
48d75d N
48d767 T
48d7e0 N
48d7eb N
48d7f5 T
48d809 T
489358 T
489469 T
489af2 T
489520 T
489615 N
489622 T
489644 T
489637 N
489644 N
48964d N
489658 N
48967d N
489682 N
489729 N
489735 N
48975a T
489770 N
48978e T
4897c4 T
489d81 N
489da9 N
489db7 T
489c5b T
489c9b T
48dfc8 N
488025 N
488030 T
48804b T
48835e T
48809a T
48dfdc N
48dfea N
48dff6 T
48f07a T
48d81e T
482bce T
482f7b T
4834f8 T
482fcb N
482fd6 N
482fdf T
482bde N
482c03 T
47f71d N
47f723 T
447a07 T
447a53 N
447a96 T
63ddd9 N
63dde7 N
63ddf8 N
63de13 N
63de47 N
63de4b N
63de53 N
63de6b T
63de47 N
63de4b N
63de53 N
63de6b N
47f618 N
47f62c N
47f64b N
47f664 N
47f669 N
47f66e N
47f673 N
47f67b N
47f685 T
47f6a9 T
47f6bd T
47f62c T
47f6bd N
47f6c9 N
446bd6 N
446bf0 N
47f6d9 T
482c78 T
482e39 N
482e43 N
482e50 N
482e60 N
482e6a N
482e75 N
482e88 N
482e98 N
482ea8 N
482eb8 N
482ec8 N
482ed8 N
482ee2 N
482c8a N
482c9b N
482cb9 T
482cd1 N
482cda N
482ce6 N
482cf0 T
4834c0 N
482cfe N
482d0b N
482d17 N
482d32 N
482d40 T
482d4c T
482d58 N
482d60 T
482d84 T
482d99 N
482da4 T
48345c T
482e07 N
482e12 T
48317f T
4836cc T
4831e7 N
